128
131
133
136
139
141
144
146
149
152
154
157
159
162
164
167
169
172
174
177
179
181
184
186
188
190
192
194
197
199
201
202
204
206
208
210
211
213
215
216
218
219
221
222
223
224
226
227
228
229
230
231
231
232
233
233
234
234
235
235
235
236
236
236
236
236
236
236
235
235
235
234
234
233
233
232
231
231
230
229
228
227
226
224
223
222
221
219
218
216
215
213
211
210
208
206
204
202
201
199
197
194
192
190
188
186
184
181
179
177
174
172
169
167
164
162
159
157
154
152
149
146
144
141
139
136
133
131
128
125
123
120
117
115
112
110
107
104
102
99
97
94
92
89
87
84
82
79
77
75
72
70
68
66
64
62
59
57
55
54
52
50
48
46
45
43
41
40
38
37
35
34
33
32
30
29
28
27
26
25
25
24
23
23
22
22
21
21
21
20
20
20
20
20
20
20
21
21
21
22
22
23
23
24
25
25
26
27
28
29
30
32
33
34
35
37
38
40
41
43
45
46
48
50
52
54
55
57
59
62
64
66
68
70
72
75
77
79
82
84
87
89
92
94
97
99
102
104
107
110
112
115
117
120
123
125
